0.0,114129582
0.1,137002839
0.2,193854621
0.3,178622283
0.4,195526547
0.5,203007308
0.6,187209724
0.7,185888267
0.8,210061616
0.9,185901561
1.0,249946099
1.1,162808562
1.2,112414069
1.3,192033940
1.4,172805452
1.5,208747295
1.6,218834990
1.7,175815436
1.8,183077614
1.9,184891457
2.0,202333540
2.1,175141860
2.2,188928180
2.3,237631009
2.4,238929459
2.5,166408750
2.6,150992045
2.7,192276677
2.8,170221087
2.9,204267740
3.0,183428623
3.1,174709336
3.2,264483716
3.3,215020724
3.4,175608643
3.5,168320910
3.6,158866662
3.7,173900923
3.8,203243366
3.9,227311982
4.0,206191282
4.1,195675883
4.2,198104100
4.3,172216336
4.4,162565801
4.5,268073904
4.6,272961298
4.7,153936772
4.8,195402058
4.9,211185375
5.0,189011599
5.1,234738232
5.2,207264584
5.3,194951573
5.4,219454959
5.5,168849404
5.6,229633678
5.7,201001853
5.8,181605041
5.9,223950557
6.0,179749457
6.1,257098303
6.2,197964742
6.3,175153968
6.4,133582686
6.5,159468761
6.6,156113632
6.7,207390574
6.8,201217657
6.9,128205276
7.0,145481895
7.1,121684907
7.2,140327070
7.3,155309180
7.4,139966429
7.5,189525968
7.6,176719415
7.7,159000541
7.8,163918100
7.9,195275111
8.0,207164635
8.1,148550945
8.2,116183304
8.3,170190008
8.4,187120503
8.5,190829073
8.6,212541744
8.7,197972764
8.8,124386151
8.9,195870441
9.0,156118843
9.1,186444616
9.2,138637952
9.3,184970373
9.4,206370438
9.5,212446981
9.6,175563008
9.7,189654549
9.8,175576445
9.9,190521069
10.0,197782286
10.1,184194064
10.2,189688359
10.3,190067494
10.4,193858319
10.5,203915245
10.6,171786329
10.7,178002608
10.8,204520499
10.9,168027920
11.0,201459853
11.1,187061811
11.2,183643318
11.3,158582698
11.4,164362877
11.5,157175413
11.6,194331331
11.7,151949514
11.8,162249084
11.9,178048678
12.0,162928617
12.1,152645227
12.2,157126409
12.3,163029905
12.4,161949939
12.5,206206176
12.6,171300412
12.7,179621823
12.8,180647119
12.9,227893050
13.0,158095916
13.1,166774163
13.2,214182243
13.3,218248661
13.4,170497862
13.5,175941658
13.6,144007416
13.7,141838596
13.8,168368053
13.9,171654828
14.0,50145926
14.1,172487992
14.2,166240909
14.3,197510738
14.4,187344465
14.5,184443947
14.6,219026255
14.7,143642515
14.8,141450853
14.9,169954571
15.0,138400023
15.1,157104686
15.2,175125996
15.3,140979564
15.4,170667410
15.5,153077868
15.6,167876152
15.7,175802863
15.8,151073016
15.9,165926005
16.0,153881909
16.1,153318642
16.2,167429780
16.3,147237313
16.4,157643906
16.5,160251139
16.6,139072301
16.7,182095675
16.8,144359533
16.9,149826136
17.0,182409468
17.1,160134572
17.2,166610874
17.3,182728845
17.4,153866502
17.5,181166932
17.6,160905406
17.7,145586948
17.8,168738298
17.9,161984608
18.0,201037026
18.1,225697614
18.2,245011063
18.3,216153160
18.4,185575043
18.5,174235610
18.6,161570954
18.7,160304700
18.8,161682598
18.9,159608117
19.0,158585991
19.1,162751276
19.2,175036086
19.3,198983252
19.4,246482264
19.5,196778164
19.6,203714109
19.7,198891799
19.8,208374429
19.9,192603447
20.0,163283308
20.1,189927275
20.2,192192495
20.3,205130886
20.4,180197431
20.5,191815938
20.6,186110898
20.7,152279119
20.8,167093801
20.9,168524401
21.0,175148540
21.1,182424252
21.2,175164221
21.3,171906856
21.4,172131852
21.5,205509906
21.6,241433663
21.7,226416172
21.8,184107545
21.9,174676438
22.0,174361302
22.1,186304659
22.2,165722227
22.3,172891890
22.4,193259656
22.5,164396167
22.6,172200738
22.7,176507596
22.8,137594658
22.9,215469401
23.0,164701369
23.1,148501873
23.2,196306233
23.3,238432372
23.4,178835176
23.5,176628280
23.6,160142207
23.7,164934402
23.8,194367366
23.9,159201452
24.0,177047264
24.1,163385172
24.2,176821187
24.3,206472825
24.4,170665783
24.5,181768130
24.6,192030279
24.7,172216336
24.8,188192353
24.9,232012777
25.0,161794635
25.1,168875626
25.2,180193564
25.3,218575743
25.4,239748786
25.5,157213291
25.6,228991628
25.7,201351708
25.8,166393677
25.9,174258455
26.0,186903804
26.1,173653602
26.2,182435125
26.3,200340009
26.4,173913360
26.5,193499277
26.6,195538200
26.7,204161591
26.8,178288017
26.9,163102111
27.0,165145104
27.1,147663545
27.2,157809005
27.3,168919196
27.4,163488972
27.5,178724025
27.6,163604647
27.7,159050437
27.8,156766489
27.9,145816838
28.0,158123792
28.1,168987613
28.2,140519261
28.3,162833014
28.4,152007715
28.5,150729144
28.6,202363929
28.7,152975004
28.8,176483976
28.9,178968490
29.0,149037674
29.1,166759412
29.2,175582145
29.3,184293028
29.4,180969264
29.5,179733174
29.6,190084624
29.7,220423937
29.8,187538911
29.9,211807971
30.0,197362097
30.1,223749006
30.2,237401737
30.3,189482947
30.4,177795283
30.5,246566674
30.6,182661286
30.7,180609236
30.8,209844173
30.9,187896308
31.0,164136196
31.1,173668275
31.2,183529231
31.3,209643207
31.4,174370031
31.5,214435214
31.6,205591022
31.7,178618451
31.8,220598134
31.9,274123976
32.0,203358405
32.1,232104507
32.2,175264288
32.3,191885984
32.4,234918499
32.5,187345088
32.6,214556711
32.7,196440225
32.8,200553938
32.9,164469229
33.0,167764160
33.1,169270700
33.2,176494494
33.3,155988255
33.4,213674807
33.5,208504429
33.6,169208359
33.7,149094973
33.8,198187753
33.9,174891628
34.0,227753915
34.1,192269344
34.2,223097347
34.3,185367258
34.4,186097589
34.5,231829048
34.6,181679977
34.7,172470191
34.8,208548322
34.9,248015191
35.0,179712932
35.1,130042738
35.2,165969598
35.3,211415573
35.4,174347586
35.5,172664233
35.6,218718478
35.7,255240332
35.8,206181873
35.9,211077928
36.0,163374015
36.1,142673509
36.2,271938771
36.3,192206897
36.4,200456294
36.5,206625910
36.6,188444960
36.7,208749286
36.8,185404267
36.9,189963068
37.0,248764110
37.1,168226722
37.2,205255088
37.3,200340009
37.4,179498510
37.5,218235656
37.6,205489330
37.7,189819363
37.8,185664305
37.9,173203733
38.0,207525312
38.1,174805910
38.2,169854756
38.3,205242857
38.4,193907561
38.5,188786719
38.6,212668935
38.7,181392600
38.8,224299849
38.9,153390961
39.0,177356581
39.1,233935316
39.2,215098357
39.3,180628610
39.4,212330940
39.5,115079417
39.6,98105824
39.7,227054130
39.8,246350897
39.9,221296294
40.0,212187083
40.1,197427073
40.2,132237760
40.3,179060007
40.4,196654370
40.5,197728546
40.6,202359587
40.7,164799075
40.8,190578289
40.9,182758466
41.0,201099451
41.1,195954869
41.2,177832850
41.3,215669013
41.4,189136163
41.5,177048952
41.6,198530749
41.7,173700155
41.8,196540506
41.9,192286762
42.0,174238932
42.1,193296515
42.2,209415894
42.3,151389133
42.4,192265678
42.5,182446190
42.6,219485148
42.7,119744105
42.8,120951464
42.9,196069180
43.0,188141339
43.1,196997854
43.2,214421925
43.3,204611511
43.4,172321327
43.5,187346251
43.6,175033214
43.7,201577604
43.8,204835126
43.9,172683579
44.0,207969323
44.1,211633276
44.2,182061387
44.3,195512564
44.4,185332961
44.5,201001374
44.6,214999197
44.7,198447023
44.8,201435363
44.9,168207316
45.0,168083707
45.1,214314552
45.2,172350494
45.3,228754043
45.4,230562306
45.5,223048415
45.6,278505422
45.7,235381599
45.8,198489511
45.9,196407289
46.0,166591801
46.1,207592589
46.2,227209213
46.3,164933295
46.4,169885125
46.5,227857468
46.6,187107122
46.7,223415710
46.8,190511536
46.9,182774587
47.0,194387693
47.1,176119901
47.2,199558022
47.3,217897659
47.4,184432515
47.5,200571628
47.6,214126846
47.7,185444322
47.8,198410734
47.9,179501933
48.0,211902098
48.1,178994296
48.2,183322102
48.3,212688761
48.4,182853886
48.5,194157739
48.6,199467480
48.7,178944172
48.8,192219624
48.9,147835037
49.0,166610570
49.1,181006006
49.2,188334786
49.3,153854399
49.4,206256496
49.5,195196174
49.6,194267846
49.7,206293868
49.8,195180819
49.9,216775355
50.0,203811524
50.1,179750743
50.2,216112287
50.3,243236975
50.4,189600811
50.5,210298094
50.6,176473459
50.7,205837547
50.8,165499461
50.9,182310528
51.0,202668974
51.1,172765912
51.2,213988837
51.3,212263256
51.4,208238775
51.5,210302105
51.6,162943838
51.7,146472392
51.8,206482905
51.9,182536110
52.0,174004605
52.1,189929086
52.2,215300747
52.3,200993708
52.4,176385869
52.5,183317950
52.6,211099062
52.7,184113689
52.8,186449949
52.9,219605674
53.0,177285179
53.1,209097051
53.2,189504934
53.3,184966847
53.4,233622753
53.5,277307110
53.6,223847652
53.7,253547688
53.8,186117996
53.9,221032877
54.0,239108256
54.1,167924491
54.2,246347961
54.3,191591985
54.4,213412163
54.5,222515033
54.6,172123235
54.7,129432932
54.8,234040047
54.9,175475718
55.0,74872644
55.1,114233027
55.2,179740030
55.3,207591775
55.4,194161430
55.5,171114349
55.6,192499269
55.7,220163929
55.8,180258974
55.9,155759468
56.0,225066018
56.1,242894529
56.2,196964984
56.3,216299209
56.4,204939185
56.5,193944880
56.6,174256378
56.7,188585249
56.8,165832225
56.9,207075361
57.0,157235404
57.1,224295571
57.2,191485485
57.3,182429906
57.4,186134414
57.5,241788630
57.6,164284333
57.7,199802051
57.8,203019406
57.9,162951143
58.0,142681067
58.1,192358355
58.2,175554639
58.3,211559242
58.4,171878775
58.5,194721296
58.6,179017318
58.7,182803290
58.8,225294260
58.9,240337405
59.0,185549838
59.1,166749871
59.2,184671445
59.3,165336252
59.4,187460021
59.5,166837995
59.6,189491813
59.7,213410128
59.8,164412911
59.9,202899688
60.0,197182825
60.1,187454212
60.2,200560153
60.3,183184569
60.4,198066799
60.5,208641773
60.6,176686460
60.7,184979632
60.8,195724855
60.9,183758878
61.0,211327070
61.1,276027615
61.2,217359040
61.3,210841408
61.4,181084312
61.5,224613307
61.6,174693926
61.7,177717475
61.8,205611607
61.9,165527475
62.0,169887150
62.1,193958751
62.2,190134023
62.3,148704942
62.4,154633436
62.5,176272198
62.6,176919253
62.7,90435826
62.8,197604471
62.9,202360776
63.0,211223942
63.1,204283027
63.2,192168170
63.3,38664801
63.4,203463375
63.5,149703453
63.6,180721207
63.7,204287407
63.8,175838110
63.9,213577962
64.0,175507923
64.1,187489320
64.2,207598207
64.3,189904187
64.4,213099622
64.5,179178811
64.6,230094690
64.7,170437546
64.8,198438641
64.9,212332965
65.0,169657914
65.1,210394740
65.2,170246222
65.3,213808566
65.4,166191120
65.5,191797043
65.6,199718241
65.7,229453606
65.8,204786799
65.9,176478507
66.0,173553407
66.1,191212336
66.2,180531259
66.3,176606483
66.4,184149379
66.5,209303967
66.6,129129286
66.7,205063395
66.8,157991480
66.9,213448285
67.0,201781671
67.1,205615528
67.2,213192799
67.3,156656775
67.4,197626945
67.5,167095793
67.6,120380503
67.7,127981337
67.8,177043887
67.9,153758916
68.0,235860415
68.1,170528187
68.2,156962920
68.3,159560207
68.4,162454831
68.5,176729703
68.6,232381384
68.7,198971975
68.8,156267084
68.9,198869200
69.0,167180655
69.1,221401974
69.2,225812826
69.3,191701676
69.4,206370438
69.5,169888770
69.6,208168493
69.7,189018325
69.8,170759043
69.9,194348693
70.0,178604400
70.1,171856936
70.2,178060216
70.3,178728733
70.4,233584885
70.5,209508243
70.6,172533341
70.7,200669744
70.8,183641207
70.9,190462877
71.0,242193290
71.1,180157487
71.2,242124603
71.3,193751869
71.4,170886495
71.5,221636586
71.6,241009864
71.7,183180639
71.8,170090448
71.9,311101435
72.0,256626670
72.1,274050540
72.2,256452118
72.3,248500983
72.4,223550227
72.5,211073400
72.6,197547935
72.7,171327485
72.8,233165845
72.9,224604205
73.0,299854305
73.1,209829168
73.2,196422430
73.3,246073004
73.4,259597679
73.5,228777491
73.6,255897060
73.7,243358825
73.8,257566470
73.9,219506602
74.0,129020035
74.1,133182770
74.2,234949896
74.3,193061026
74.4,199928211
74.5,156984856
74.6,160836016
74.7,189242280
74.8,210264842
74.9,179269002
75.0,220484053
75.1,226293407
75.2,182734943
75.3,239668228
75.4,238290776
75.5,227231963
75.6,186767196
75.7,155856956
75.8,181876899
75.9,148041551
76.0,171665058
76.1,231241076
76.2,178273567
76.3,171220404
76.4,243909482
76.5,174817995
76.6,251516260
76.7,238974612
76.8,191953413
76.9,173799717
77.0,175946714
77.1,204245342
77.2,207838502
77.3,235369791
77.4,222723607
77.5,214008223
77.6,207374261
77.7,236012991
77.8,215767618
77.9,217800742
78.0,177145312
78.1,168101739
78.2,217705888
78.3,166507686
78.4,185992711
78.5,219285229
78.6,160894285
78.7,211200478
78.8,193964299
78.9,209945640
79.0,208298843
79.1,229588176
79.2,175925743
79.3,204453356
79.4,74806975
79.5,200104115
79.6,172118958
79.7,183310959
79.8,197904576
79.9,184770872
80.0,226986564
80.1,213974046
80.2,215806712
80.3,176366528
80.4,125083840
80.5,152174403
80.6,203023762
80.7,204288104
80.8,259113759
80.9,201918759
81.0,192821429
81.1,172934054
81.2,201028209
81.3,173325749
81.4,218213810
81.5,187288263
81.6,180281917
81.7,232273823
81.8,246823519
81.9,176368210
82.0,175811664
82.1,179734888
82.2,213426915
82.3,198784075
82.4,171573937
82.5,193022375
82.6,173241448
82.7,178427161
82.8,213560781
82.9,231442403
83.0,208035686
83.1,179292080
83.2,172566244
83.3,202337399
83.4,205941191
83.5,180531259
83.6,205045307
83.7,165715117
83.8,190709355
83.9,169664790
84.0,161471815
84.1,164600520
84.2,193740784
84.3,212381160
84.4,227632176
84.5,172565833
84.6,199218266
84.7,196654370
84.8,186550814
84.9,206845457
85.0,173360459
85.1,166635897
85.2,172691812
85.3,143431784
85.4,212966319
85.5,187560379
85.6,147580602
85.7,196178817
85.8,179832726
85.9,176846705
86.0,168304243
86.1,186789902
86.2,171393297
86.3,172669583
86.4,158190480
86.5,173145147
86.6,199975844
86.7,186786340
86.8,200777896
86.9,172217978
87.0,178916877
87.1,200098391
87.2,170002381
87.3,181647716
87.4,172569535
87.5,144112183
87.6,187560827
87.7,162127450
87.8,203677205
87.9,190119068
88.0,170336730
88.1,154082757
88.2,213560781
88.3,173139781
88.4,180168223
88.5,171237548
88.6,194632519
88.7,174907469
88.8,176592591
88.9,213435564
89.0,189124442
89.1,157096447
89.2,161367915
89.3,179819867
89.4,202903557
89.5,190624393
89.6,185793116
89.7,223048374
89.8,163256354
89.9,155522911
90.0,171568619
90.1,151458621
90.2,172267948
90.3,180033074
90.4,145780345
90.5,204690806
90.6,196183026
90.7,177388291
90.8,164292405
90.9,171098633
91.0,185534191
91.1,193398824
91.2,240756604
91.3,209962155
91.4,230660276
91.5,216127227
91.6,178924126
91.7,168215337
91.8,178284192
91.9,146202778
92.0,192087288
92.1,187312368
92.2,186534290
92.3,181451280
92.4,172874171
92.5,201813606
92.6,187126725
92.7,190371587
92.8,160686056
92.9,202453234
93.0,196416811
93.1,193725543
93.2,174701006
93.3,148689632
93.4,185804556
93.5,243668080
93.6,183979329
93.7,142871941
93.8,195634801
93.9,188809222
94.0,253636702
94.1,172435352
94.2,150817398
94.3,168409614
94.4,182527535
94.5,169871761
94.6,204587124
94.7,180038223
94.8,175353704
94.9,184994184
95.0,190164393
95.1,177152491
95.2,138859275
95.3,170094097
95.4,159700729
95.5,122936841
95.6,168847048
95.7,138192975
95.8,141765095
95.9,139070644
96.0,122270883
96.1,141641974
96.2,163047276
96.3,161475093
96.4,160572549
96.5,135152736
96.6,154994105
96.7,143896808
96.8,136846185
96.9,143804708
97.0,166743134
97.1,156442142
97.2,166635897
97.3,144136577
97.4,130346794
97.5,130258366
97.6,136497864
97.7,171105236
97.8,144037128
97.9,141322570
98.0,149860020
98.1,146440277
98.2,180314583
98.3,214318639
98.4,201849087
98.5,188372502
98.6,190948345
98.7,183101403
98.8,200686009
98.9,235167144
99.0,235118489
99.1,246126979
99.2,197646260
99.3,215955126
99.4,230250810
99.5,170104234
99.6,206111482
99.7,184335475
99.8,178184793
99.9,273023062
100.0,203565233
100.1,183652589
100.2,200222297
100.3,171877136
100.4,205401829
100.5,204063976
100.6,155372877
100.7,222378662
100.8,248303673
100.9,201557903
101.0,175059403
101.1,181622170
101.2,203287138
101.3,165200581
101.4,159050633
101.5,240973097
101.6,179928751
101.7,208197774
101.8,205513826
101.9,164408675
102.0,163949784
102.1,229789703
102.2,187460021
102.3,210420608
102.4,204919155
102.5,183421190
102.6,206473825
102.7,147265042
102.8,143446309
102.9,164389505
103.0,147934505
103.1,175105127
103.2,149506241
103.3,152746659
103.4,151839925
103.5,199217791
103.6,192626405
103.7,201785704
103.8,190465862
103.9,205018915
104.0,166950364
104.1,173580714
104.2,227102105
104.3,195872775
104.4,198204274
104.5,169064133
104.6,185227420
104.7,193931474
104.8,196960759
104.9,174039037
105.0,174812577
105.1,222058092
105.2,196762608
105.3,169664790
105.4,201587696
105.5,197316432
105.6,205491290
105.7,223159815
105.8,200451994
105.9,154860333
106.0,148726922
106.1,167978133
106.2,178254021
106.3,166184011
106.4,161732537
106.5,181169091
106.6,124744325
106.7,184612470
106.8,178053425
106.9,222938528
107.0,200795605
107.1,215647423
107.2,192487798
107.3,185449627
107.4,184634471
107.5,262160373
107.6,146581579
107.7,188260509
107.8,168302053
107.9,192929725
108.0,151058575
108.1,179975160
108.2,177941816
108.3,162799067
108.4,222688268
108.5,237402303
108.6,251307868
108.7,141015659
108.8,164322284
108.9,189866361
109.0,218013788
109.1,187857407
109.2,193974205
109.3,148589122
109.4,195402916
109.5,195312966
109.6,181826491
109.7,162698916
109.8,191669472
109.9,194285444
110.0,149717014
110.1,143650243
110.2,151020589
110.3,182440282
110.4,250384481
110.5,183761068
110.6,192155532
110.7,154712921
110.8,167201011
110.9,183646898
111.0,221057115
111.1,170991549
111.2,183781221
111.3,178181124
111.4,186698391
111.5,211753832
111.6,222302191
111.7,181392600
111.8,178401822
111.9,205130886
112.0,172557606
112.1,193634796
112.2,193043539
112.3,172786915
112.4,180632485
112.5,166741523
112.6,189373217
112.7,193396979
112.8,185631888
112.9,173907971
113.0,193184524
113.1,145543506
113.2,170189036
113.3,220806828
113.4,188238071
113.5,148541445
113.6,204908667
113.7,175689630
113.8,179375844
113.9,180260524
114.0,177001272
114.1,169699999
114.2,182534497
114.3,167683410
114.4,192227213
114.5,155970153
114.6,170568842
114.7,185877190
114.8,172558716
114.9,168905520
115.0,167164347
115.1,151580825
115.2,188813273
115.3,178849672
115.4,175224186
115.5,189469849
115.6,194626951
115.7,207291440
115.8,200881734
115.9,176063637
116.0,180287237
116.1,144445354
116.2,143091886
116.3,142687005
116.4,187116488
116.5,178204509
116.6,217916878
116.7,168215738
116.8,171641327
116.9,167418206
117.0,160143734
117.1,145899614
117.2,160781936
117.3,163041057
117.4,193737089
117.5,163373878
117.6,154214955
117.7,162494333
117.8,182420773
117.9,177736541
118.0,154412436
118.1,186797473
118.2,200887959
118.3,174509975
118.4,186858323
118.5,205947069
118.6,231638750
118.7,221059755
118.8,197237454
118.9,148857090
119.0,184038593
119.1,160152586
119.2,168290419
119.3,181275445
119.4,145921527
119.5,177734170
119.6,125720442
119.7,123941861
119.8,185024828
119.9,140740143
120.0,150615725
120.1,174100808
120.2,144067883
120.3,171994027
120.4,159444815
120.5,155443547
120.6,190143541
120.7,186433506
120.8,175041977
120.9,199883972
121.0,190900453
121.1,223514377
121.2,215517431
121.3,192174772
121.4,204137258
121.5,149505171
121.6,191051229
121.7,189773422
121.8,164376574
121.9,214704375
122.0,187223112
122.1,178561020
122.2,177616077
122.3,206609163
122.4,251083886
122.5,208827901
122.6,183785766
122.7,222194968
122.8,177507472
122.9,182855629
123.0,173015827
123.1,133539671
123.2,136832485
123.3,235638112
123.4,153946170
123.5,251987623
123.6,203587070
123.7,180964990
123.8,238722189
123.9,200218002
124.0,187568427
124.1,259126854
124.2,186020646
124.3,166865041
124.4,192252388
124.5,169408501
124.6,179137387
124.7,186390411
124.8,195758451
124.9,220725897
125.0,196304361
125.1,257019410
125.2,214428569
125.3,185341617
125.4,223986328
125.5,183968366
125.6,216342942
125.7,194603292
125.8,202009662
125.9,233470681
126.0,229796277
126.1,209866103
126.2,212436345
126.3,150626497
126.4,189593127
126.5,194284981
126.6,204475144
126.7,190240166
126.8,200202253
126.9,164598301
127.0,182207932
127.1,193831055
127.2,183426874
127.3,188506807
127.4,196564191
127.5,192394624
127.6,199905892
127.7,199795805
127.8,182293750
127.9,174360404
128.0,170008528
128.1,198807711
128.2,169535825
128.3,178732568
128.4,195430401
128.5,200318043
128.6,204729849
128.7,199980220
128.8,204246802
128.9,184882643
129.0,203139134
129.1,190153513
129.2,191284780
129.3,210855983
129.4,212005587
129.5,171093331
129.6,193487285
129.7,193400668
129.8,195744451
129.9,199348308
130.0,201120064
130.1,175033214
130.2,183430372
130.3,165397737
130.4,179543417
130.5,189010907
130.6,201895277
130.7,169664790
130.8,217978976
130.9,195974488
131.0,196830864
131.1,211774729
131.2,178486107
131.3,178119023
131.4,187573793
131.5,201029498
131.6,204835497
131.7,173363765
131.8,171056708
131.9,192802860
132.0,184666162
132.1,198792132
132.2,184864868
132.3,190603608
132.4,163615382
132.5,179141375
132.6,185216382
132.7,242068079
132.8,216927018
132.9,234610835
133.0,216313294
133.1,215895027
133.2,181076542
133.3,201557423
133.4,179693337
133.5,153410752
133.6,162828356
133.7,170986250
133.8,208831903
133.9,198524124
134.0,178581413
134.1,143715965
134.2,183059508
134.3,208168493
134.4,179404067
134.5,208524809
134.6,163823347
134.7,192974219
134.8,183760472
134.9,201798590
135.0,206735438
135.1,183332810
135.2,200462029
135.3,192732424
135.4,233809397
135.5,171403485
135.6,245267369
135.7,207398979
135.8,186573495
135.9,168668036
136.0,177271232
136.1,213123500
136.2,202553622
136.3,169189806
136.4,167160762
136.5,51137020
136.6,169763390
136.7,203563996
136.8,202704540
136.9,191498723
137.0,226663357
137.1,151975086
137.2,188834774
137.3,190044496
137.4,205372941
137.5,168205311
137.6,159083501
137.7,185088076
137.8,178850098
137.9,156333140
138.0,192594105
138.1,197532395
138.2,189249498
138.3,178061914
138.4,156883722
138.5,154994105
138.6,194202545
138.7,183370367
138.8,180856887
138.9,153171376
139.0,164694408
139.1,185827147
139.2,194294707
139.3,164846078
139.4,211409986
139.5,213792912
139.6,182957746
139.7,197450068
139.8,175852721
139.9,169415365
140.0,181531831
140.1,184432515
140.2,157460887
140.3,190581924
140.4,193151830
140.5,177052328
140.6,155331556
140.7,187900340
140.8,204255080
140.9,194721296
141.0,207840484
141.1,197968517
141.2,189488820
141.3,214088567
141.4,180397763
141.5,177160816
141.6,191593811
141.7,193493742
141.8,231149482
141.9,201141562
142.0,182306617
142.1,172112977
142.2,176499544
142.3,204096391
142.4,165840526
142.5,176924735
142.6,195389409
142.7,202923873
142.8,172387370
142.9,153822416
143.0,206283540
143.1,195632469
143.2,209207879
143.3,162382345
143.4,192611232
143.5,206610641
143.6,191097347
143.7,188199770
143.8,159052466
143.9,165865040
144.0,203046027
144.1,165322523
144.2,181755806
144.3,199240114
144.4,154440046
144.5,196200330
144.6,168624720
144.7,164844113
144.8,170646663
144.9,134973841
145.0,145765188
145.1,171282981
145.2,165163929
145.3,163372278
145.4,163803747
145.5,177168117
145.6,167141349
145.7,205043352
145.8,186427729
145.9,203053724
146.0,179716466
146.1,165484472
146.2,193926183
146.3,141595723
146.4,166913525
146.5,198588642
146.6,177721140
146.7,164368346
146.8,145669767
146.9,216011125
147.0,204416434
147.1,164696005
147.2,205046046
147.3,237509190
147.4,261574557
147.5,243503801
147.6,235953284
147.7,203359716
147.8,206839046
147.9,158509037
148.0,201961144
148.1,196067310
148.2,172000997
148.3,170339978
148.4,147805737
148.5,148118686
148.6,189844205
148.7,167750963
148.8,186927080
148.9,175446165
149.0,153432098
149.1,183751138
149.2,181194140
149.3,181510195
149.4,199000625
149.5,196736708
149.6,180677710
149.7,167523402
149.8,172741742
149.9,191825083
150.0,213035635
150.1,178163569
150.2,203453210
150.3,199014225
150.4,187668777
150.5,259928698
150.6,171560030
150.7,211865812
150.8,198660244
150.9,175680836
151.0,187108906
151.1,203347105
151.2,204917202
151.3,190130397
151.4,171885740
151.5,181209567
151.6,222064974
151.7,202809467
151.8,206985460
151.9,181629965
152.0,176471356
152.1,208525306
152.2,172800509
152.3,203330084
152.4,209390726
152.5,198776867
152.6,163647394
152.7,141248587
152.8,168880860
152.9,161403753
153.0,204402858
153.1,189936784
153.2,212085727
153.3,168853487
153.4,200781725
153.5,211732634
153.6,164755349
153.7,176798850
153.8,200898015
153.9,206480445
154.0,214120210
154.1,169861638
154.2,205159249
154.3,235066366
154.4,168884081
154.5,185778500
154.6,187131655
154.7,180077710
154.8,221717062
154.9,171320542
155.0,207714141
155.1,179054018
155.2,165638285
155.3,217759863
155.4,206774966
155.5,179496371
155.6,196186767
155.7,175482829
155.8,186690824
155.9,196526451
156.0,190074868
156.1,210652613
156.2,187104539
156.3,192736560
156.4,176043181
156.5,127524644
156.6,163790726
156.7,142225893
156.8,136369113
156.9,164147541
157.0,153761618
157.1,146222951
157.2,157210293
157.3,126631362
157.4,149445318
157.5,150484372
157.6,150682139
157.7,153080390
157.8,137393994
157.9,150393830
158.0,158178709
158.1,186804598
158.2,196772459
158.3,215350533
158.4,162912626
158.5,161572624
158.6,159680172
158.7,139643158
158.8,162262234
158.9,133149397
159.0,144910518
159.1,145694423
159.2,134135512
159.3,138844050
159.4,167979734
159.5,147150247
159.6,168200500
159.7,140093763
159.8,152741925
159.9,145114426
160.0,135931183
160.1,179612200
160.2,169435963
160.3,139132479
160.4,165503012
160.5,163941968
160.6,154642651
160.7,134374745
160.8,139529511
160.9,156325686
161.0,138980972
161.1,180553584
161.2,192059119
161.3,157896433
161.4,156171335
161.5,161374070
161.6,146366342
161.7,176100087
161.8,158452830
161.9,149793331
162.0,164700716
162.1,144679302
162.2,152864838
162.3,171906228
162.4,166392091
162.5,168319305
162.6,163928681
162.7,143799223
162.8,179608346
162.9,167396258
163.0,191935235
163.1,161038492
163.2,143573867
163.3,138972252
163.4,163175596
163.5,149914172
163.6,156894568
163.7,201889502
163.8,151180319
163.9,172788151
164.0,139183944
164.1,165387486
164.2,155433913
164.3,152841883
164.4,137520721
164.5,154634910
164.6,132236499
164.7,152412159
164.8,148464356
164.9,138087901
165.0,152291098
165.1,138308920
165.2,158457861
165.3,147380193
165.4,135254207
165.5,178044512
165.6,184483808
165.7,194731043
165.8,207301818
165.9,178965076
166.0,142761674
166.1,128331622
166.2,129061042
166.3,174695655
166.4,170997196
166.5,169191419
166.6,174936049
166.7,126758432
166.8,134146383
166.9,131459172
167.0,127522781
167.1,158583833
167.2,145797720
167.3,133921156
167.4,171754519
167.5,148557429
167.6,152300174
167.7,136069099
167.8,145351187
167.9,121253619
168.0,166851517
168.1,187213603
168.2,230927745
168.3,259540044
168.4,188917605
168.5,177347529
168.6,158679938
168.7,181084347
168.8,179165768
168.9,140981650
169.0,184755686
169.1,170501717
169.2,137666301
169.3,166422239
169.4,159798245
169.5,158894435
169.6,153766981
169.7,136963058
169.8,109513127
169.9,155530696
170.0,140883370
170.1,172650241
170.2,165167079
170.3,177710273
170.4,206816367
170.5,182297491
170.6,214981773
170.7,227897396
170.8,166303109
170.9,207519375
171.0,200919569
171.1,190352528
171.2,215012010
171.3,160692951
171.4,208523318
171.5,214919494
171.6,176051575
171.7,193796960
171.8,199560779
171.9,186873376
172.0,199556119
172.1,164696005
172.2,193846765
172.3,197312199
172.4,134499942
172.5,173094801
172.6,136491032
172.7,152192905
172.8,142561027
172.9,161477974
173.0,149043714
173.1,144043064
173.2,146449351
173.3,132459453
173.4,150176338
173.5,135765543
173.6,147346120
173.7,139432819
173.8,140736151
173.9,131718355
174.0,137421844
174.1,157757201
174.2,146980518
174.3,146594858
174.4,149269346
174.5,148259863
174.6,139778285
174.7,149615945
174.8,119496991
174.9,147609353
175.0,142203180
175.1,114164829
175.2,154176360
175.3,137814870
175.4,141335373
175.5,129546442
175.6,128222085
175.7,133935842
175.8,154847661
175.9,177244613
176.0,170041404
176.1,153658810
176.2,120177300
176.3,147395099
176.4,140093763
176.5,132122955
176.6,139752143
176.7,127557781
176.8,162068451
176.9,157048166
177.0,200676770
177.1,164371481
177.2,157941502
177.3,124622246
177.4,143238232
177.5,143879658
177.6,138712241
177.7,149821494
177.8,126613557
177.9,139929120
178.0,149273720
178.1,146918129
178.2,131145558
178.3,158386946
178.4,157981678
178.5,175626181
178.6,181938358
178.7,220154417
178.8,173205112
178.9,177582209
179.0,140142358
179.1,185376308
179.2,195043268
179.3,174981017
179.4,169883910
179.5,188932468
179.6,220817354
179.7,169993870
179.8,218499184
179.9,182307052
180.0,165975848
180.1,193409729
180.2,191638638
180.3,155742391
180.4,174791743
180.5,197742214
180.6,167308214
180.7,196600936
180.8,201787915
180.9,203681089
181.0,174487430
181.1,169405392
181.2,154868085
181.3,173752455
181.4,188592892
181.5,218711700
181.6,227632176
181.7,172931979
181.8,186959665
181.9,195745831
182.0,213762844
182.1,167080952
182.2,185813853
182.3,196754165
182.4,178152668
182.5,165041725
182.6,182422513
182.7,206163196
182.8,182754980
182.9,161239789
183.0,203717994
183.1,197892393
183.2,199328349
183.3,193506792
183.4,174487430
183.5,143163950
183.6,166949227
183.7,150194717
183.8,152725178
183.9,159813018
184.0,154994105
184.1,133452318
184.2,161122239
184.3,156539946
184.4,146361394
184.5,171449197
184.6,168519580
184.7,157600013
184.8,189424243
184.9,162652644
185.0,156886714
185.1,149070665
185.2,204047654
185.3,186907234
185.4,151229585
185.5,173245164
185.6,176471356
185.7,181379607
185.8,198904684
185.9,192196995
186.0,162377313
186.1,169445657
186.2,182663028
186.3,178046210
186.4,158926803
186.5,174657110
186.6,135050233
186.7,149499112
186.8,166722844
186.9,158543011
187.0,142544529
187.1,139860864
187.2,159365594
187.3,175283945
187.4,175904357
187.5,149698261
187.6,134424828
187.7,128902553
187.8,144322029
187.9,137239164
188.0,151672700
188.1,135360380
188.2,153191310
188.3,145460394
188.4,153247042
188.5,138519032
188.6,125420100
188.7,113537455
188.8,148375024
188.9,132038837
189.0,135206719
189.1,146281698
189.2,146808338
189.3,162642549
189.4,134207511
189.5,153855866
189.6,173329054
189.7,155547751
189.8,158440109
189.9,176778632
190.0,177813351
190.1,141580995
190.2,155413907
190.3,144894628
190.4,156784449
190.5,133103621
190.6,145284398
190.7,155379563
190.8,169001816
190.9,173704045
191.0,169444445
191.1,152570152
191.2,160447953
191.3,167935588
191.4,165155268
191.5,155188571
191.6,193062685
191.7,149901632
191.8,152643771
191.9,124790992
192.0,161354837
192.1,154863656
192.2,169885530
192.3,176610430
192.4,171123923
192.5,200451516
192.6,196852539
192.7,181213680
192.8,154182240
192.9,174578198
193.0,194858350
193.1,213226343
193.2,200069776
193.3,224528630
193.4,235341207
193.5,232470098
193.6,196675868
193.7,208833894
193.8,188260509
193.9,189693808
194.0,185274481
194.1,172545267
194.2,173787289
194.3,171785637
194.4,196986583
194.5,235302687
194.6,150033641
194.7,191916020
194.8,196652495
194.9,175134762
195.0,190502189
195.1,161369454
195.2,191166862
195.3,220701695
195.4,166839983
195.5,207838997
195.6,191688426
195.7,195756584
195.8,179368576
195.9,181535726
196.0,153193135
196.1,174373772
196.2,168309274
196.3,197204447
196.4,168733472
196.5,193919919
196.6,207708200
196.7,149168849
196.8,157426359
196.9,169647804
197.0,162810502
197.1,182978945
197.2,185793116
197.3,214770632
197.4,134308514
197.5,140094097
197.6,121726993
197.7,136918029
197.8,142096408
197.9,159570789
198.0,196221631
198.1,158695827
198.2,151194593
198.3,168711777
198.4,203791132
198.5,182057482
198.6,230358955
198.7,191265629
198.8,179064689
198.9,198978172
199.0,186196691
199.1,157535323
199.2,185996701
199.3,157315891
199.4,174029079
199.5,186463284
199.6,192031652
199.7,176579963
199.8,190628142
199.9,204551848
200.0,197650029
200.1,193591874
200.2,217042752
200.3,182279242
200.4,154434155
200.5,172094106
200.6,182172922
200.7,209018485
200.8,202581628
200.9,202137541
201.0,181981196
201.1,192590134
201.2,176153069
201.3,150927565
201.4,164486979
201.5,174706004
201.6,208502441
201.7,180517057
201.8,184540977
201.9,190275025
202.0,198454253
202.1,158659515
202.2,199452217
202.3,185628905
202.4,197304203
202.5,186321534
202.6,171434560
202.7,180981385
202.8,182439039
202.9,165915723
203.0,184988892
203.1,172443984
203.2,187402397
203.3,193184601
203.4,211963139
203.5,186913026
203.6,194974521
203.7,183199416
203.8,195308628
203.9,179749028
204.0,190940606
204.1,202121641
204.2,186653446
204.3,141780642
204.4,177283911
204.5,176711311
204.6,189910072
204.7,203467326
204.8,188323564
204.9,196748537
205.0,173587749
205.1,184546256
205.2,199561828
205.3,169446061
205.4,187535097
205.5,212529585
205.6,185625808
205.7,220828935
205.8,187465722
205.9,193973223
206.0,212087749
206.1,205124530
206.2,192991944
206.3,206133200
206.4,203853359
206.5,199680003
206.6,181992797
206.7,197446302
206.8,171435786
206.9,224875840
207.0,244009254
207.1,250277275
207.2,229010188
207.3,218254905
207.4,209863182
207.5,177130957
207.6,203827559
207.7,255436312
207.8,250636519
207.9,235736619
208.0,185453795
208.1,223941770
208.2,155907837
208.3,193330599
208.4,152186737
208.5,130547615
208.6,159020815
208.7,179900157
208.8,192765831
208.9,189965994
209.0,168188472
209.1,235491308
209.2,178382146
209.3,170187413
209.4,168848658
209.5,211777054
209.6,182405989
209.7,189868280
209.8,162270358
209.9,220150219
210.0,170102612
210.1,157222660
210.2,176462523
210.3,209609227
210.4,200679790
210.5,207276616
210.6,171678563
210.7,200873594
210.8,189718229
210.9,178262943
211.0,194731043
211.1,187306038
211.2,200093622
211.3,200911337
211.4,168180454
211.5,153666858
211.6,225858982
211.7,173334425
211.8,172476756
211.9,192246810
212.0,163220125
212.1,200879819
212.2,169539462
212.3,130334253
212.4,130959075
212.5,130007536
212.6,129213003
212.7,140265811
212.8,142418581
212.9,145697670
213.0,171152077
213.1,132008469
213.2,171996298
213.3,209427217
213.4,173908385
213.5,158594561
213.6,160952665
213.7,181958092
213.8,172929295
213.9,158044644
214.0,189084869
214.1,186774764
214.2,190895098
214.3,193070630
214.4,168406782
214.5,192954562
214.6,183863407
214.7,154739138
214.8,176240686
214.9,175362064
215.0,168071688
215.1,192047673
215.2,163037948
215.3,182176830
215.4,180721207
215.5,176931905
215.6,205497168
215.7,183997750
215.8,177157559
215.9,156547783
216.0,177152069
216.1,204139205
216.2,163602511
216.3,154032813
216.4,190506433
216.5,185658994
216.6,174457899
216.7,167424991
216.8,156994205
216.9,162352931
217.0,186556595
217.1,164513252
217.2,195736519
217.3,207683160
217.4,192966522
217.5,211197876
217.6,183437806
217.7,222966363
217.8,195046980
217.9,189435981
218.0,202147661
218.1,199985940
218.2,180744893
218.3,223522902
218.4,213682957
218.5,184026528
218.6,203349529
218.7,169144541
218.8,209186773
218.9,182091769
219.0,192290429
219.1,211200478
219.2,194978477
219.3,174135670
219.4,162449129
219.5,186571716
219.6,206824748
219.7,210513523
219.8,187778367
219.9,198871040
220.0,190037449
220.1,170976469
220.2,186913026
220.3,171334428
220.4,191299888
220.5,186123321
220.6,176373676
220.7,165519583
220.8,194958719
220.9,165048413
221.0,178391076
221.1,147495413
221.2,158175741
221.3,177708010
221.4,164428049
221.5,209987684
221.6,188342418
221.7,194699072
221.8,180169941
221.9,172777854
222.0,159795197
222.1,198329904
222.2,149940648
222.3,187846333
222.4,190299458
222.5,180406794
222.6,198261876
222.7,184004769
222.8,164373048
222.9,164710923
223.0,159459258
223.1,178949291
223.2,179617337
223.3,175834717
223.4,215470738
223.5,195962809
223.6,185446090
223.7,200909423
223.8,165947362
223.9,210217684
224.0,187572004
224.1,163583014
224.2,169213603
224.3,163823347
224.4,160905406
224.5,186336635
224.6,188562773
224.7,184421525
224.8,170978099
224.9,169544745
225.0,218942460
225.1,257391448
225.2,248682637
225.3,243919304
225.4,206837132
225.5,190041928
225.6,190395338
225.7,162322215
225.8,207515418
225.9,194823517
226.0,191947467
226.1,216116924
226.2,205369024
226.3,191858897
226.4,176581647
226.5,186772983
226.6,210304110
226.7,191804778
226.8,198306327
226.9,231684030
227.0,192064613
227.1,189341169
227.2,204788628
227.3,189361480
227.4,223959632
227.5,190809968
227.6,174903717
227.7,212658288
227.8,190568750
227.9,173278296
228.0,147941559
228.1,220532993
228.2,85847193
228.3,226615666
228.4,176725634
228.5,211301927
228.6,198196012
228.7,145150354
228.8,155869959
228.9,186343742
229.0,170898309
229.1,200987959
229.2,201881321
229.3,181611347
229.4,211295336
229.5,181416383
229.6,196416811
229.7,232586513
229.8,189758701
229.9,210097062
230.0,202249529
230.1,199208294
230.2,211388506
230.3,170642189
230.4,215227259
230.5,213877370
230.6,188238071
230.7,200657786
230.8,183529668
230.9,175876270
231.0,212444448
231.1,168521187
231.2,210547149
231.3,219939369
231.4,186898882
231.5,175309377
231.6,173002217
231.7,191691736
231.8,166754641
231.9,188689588
232.0,245009501
232.1,206643148
232.2,171123923
232.3,201107600
232.4,215240086
232.5,207036368
232.6,246144544
232.7,248893941
232.8,245045717
232.9,224999095
233.0,191610711
233.1,214322726
233.2,204703007
233.3,187894517
233.4,194273403
233.5,163594322
233.6,154423479
233.7,194198462
233.8,172452205
233.9,219609695
234.0,191715386
234.1,177171496
234.2,201454090
234.3,170771255
234.4,202559416
234.5,209672893
234.6,191612283
234.7,260580805
234.8,216446149
234.9,185373497
235.0,223210706
235.1,225008389
235.2,169018430
235.3,209767697
235.4,180858181
235.5,259597679
235.6,192987991
235.7,183360872
235.8,202029888
235.9,182942653
236.0,185198281
236.1,194866247
236.2,186760073
236.3,198418301
236.4,202351869
236.5,185563825
236.6,218009111
236.7,197758712
236.8,186802816
236.9,196088343
237.0,178055123
237.1,239317411
237.2,200694143
237.3,189789049
237.4,260931631
237.5,188232238
237.6,234611696
237.7,199648114
237.8,179293789
237.9,232682410
238.0,203453261
238.1,178154791
238.2,201697765
238.3,236940254
238.4,192363899
238.5,209271320
238.6,174137331
238.7,219272160
238.8,231593030
238.9,179621191
239.0,207606620
239.1,200884128
239.2,188331195
239.3,191822543
239.4,164493644
239.5,201016228
239.6,175605700
239.7,177706461
239.8,155554055
239.9,199564206
240.0,165295211
240.1,165721832
240.2,163953302
240.3,236189079
240.4,156003502
240.5,155362803
240.6,167872950
240.7,195210135
240.8,183070852
240.9,192514413
241.0,148822949
241.1,198752329
241.2,212873630
241.3,181627365
241.4,206818339
241.5,182090032
241.6,159026727
241.7,193974010
241.8,180498986
241.9,149143960
242.0,171329118
242.1,213982717
242.2,158885345
242.3,236712044
242.4,193616794
242.5,180829299
242.6,158883452
242.7,183522232
242.8,117432836
242.9,148959918
243.0,135021294
243.1,140754012
243.2,145593755
243.3,130109103
243.4,135374239
243.5,179597644
243.6,139860559
243.7,130539167
243.8,126532064
243.9,149058637
244.0,134162693
244.1,157232921
244.2,177415267
244.3,172605810
244.4,180856456
244.5,179171122
244.6,194708668
244.7,195177097
244.8,174704338
244.9,173213369
245.0,175146870
245.1,182192898
245.2,207596228
245.3,185300534
245.4,182514483
245.5,162474580
245.6,172890242
245.7,172445628
245.8,192648695
245.9,172433297
246.0,198002026
246.1,188327604
246.2,224127053
246.3,184153090
246.4,157663393
246.5,213235493
246.6,175675393
246.7,188958964
246.8,193751116
246.9,164055514
247.0,180863786
247.1,179620763
247.2,171783999
247.3,178943746
247.4,192047673
247.5,171546126
247.6,189908261
247.7,171427613
247.8,206600791
247.9,201245959
248.0,162018573
248.1,181076974
248.2,149142183
248.3,158249302
248.4,152615029
248.5,160011147
248.6,141441634
248.7,165060216
248.8,169742788
248.9,277183742
249.0,212755057
249.1,144686545
249.2,163050774
249.3,157604864
249.4,158680316
249.5,193049521
249.6,152909389
249.7,227766946
249.8,163280973
249.9,168534846
250.0,176798850
250.1,167277908
250.2,162054109
250.3,173365418
250.4,172425077
250.5,168424468
250.6,186949423
250.7,175901003
250.8,155986396
250.9,179391665
251.0,170994809
251.1,145122317
251.2,128771570
251.3,151520971
251.4,186378579
251.5,158118515
251.6,169651829
251.7,170793278
251.8,214099284
251.9,166186366
252.0,149408374
252.1,172693871
252.2,154417221
252.3,177925324
252.4,187250785
252.5,152685042
252.6,155076519
252.7,158498434
252.8,158219560
252.9,172895187
253.0,165036611
253.1,200892013
253.2,214327324
253.3,158760509
253.4,171279715
253.5,164628381
253.6,166024388
253.7,169642064
253.8,149931777
253.9,166913278
254.0,161108871
254.1,239322545
254.2,225305538
254.3,223312240
254.4,192616211
254.5,194379816
254.6,175929209
254.7,195380297
254.8,179938472
254.9,251625844
255.0,244232636
255.1,223630623
255.2,239194019
255.3,183191555
255.4,178597163
255.5,178486892
255.6,219239234
255.7,251850411
255.8,225869750
255.9,291975228
256.0,273829162
256.1,199272296
256.2,255090021
256.3,245151283
256.4,240102278
256.5,268331577
256.6,248879110
256.7,223244856
256.8,199342099
256.9,186461420
257.0,209584249
257.1,173229472
257.2,176653520
257.3,205302377
257.4,201555981
257.5,217443551
257.6,246255943
257.7,191271100
257.8,200213707
257.9,199979743
258.0,191705789
258.1,210647089
258.2,176480611
258.3,203115408
258.4,203829989
258.5,176473039
258.6,213980676
258.7,169747990
258.8,254993237
258.9,209178296
259.0,171772124
259.1,204683002
259.2,173468727
259.3,175808311
259.4,203571541
259.5,192216552
259.6,178041117
259.7,203935662
259.8,178282917
259.9,195625008
260.0,184115006
260.1,166863052
260.2,196634213
260.3,165070053
260.4,177144890
260.5,228219217
260.6,151381537
260.7,254149364
260.8,192323559
260.9,139426171
261.0,204939673
261.1,150965767
261.2,180173806
261.3,241908118
261.4,177465164
261.5,189524411
261.6,177040089
261.7,179889200
261.8,214230666
261.9,196532541
262.0,167042208
262.1,233159484
262.2,184025862
262.3,196777140
262.4,185651471
262.5,185981628
262.6,206733051
262.7,191153647
262.8,142843244
262.9,158117008
263.0,183410260
263.1,180644974
263.2,207502556
263.3,168960626
263.4,126207570
263.5,138538516
263.6,140393378
263.7,167760568
263.8,142449871
263.9,146476932
264.0,168090118
264.1,150718724
264.2,157339518
264.3,171430882
264.4,157886648
264.5,183577273
264.6,152846255
264.7,154519622
264.8,161124360
264.9,137504331
265.0,162380410
265.1,154214587
265.2,139957755
265.3,163029399
265.4,138736047
265.5,154774922
265.6,152627034
265.7,147585176
265.8,195667614
265.9,164641842
266.0,203491579
266.1,192030279
266.2,156828452
266.3,145208745
266.4,179613912
266.5,162833402
266.6,177580516
266.7,155325261
266.8,145249593
266.9,187769114
267.0,171566574
267.1,161247860
267.2,195986636
267.3,131219354
267.4,156729294
267.5,151725055
267.6,143615106
267.7,161074777
267.8,138171894
267.9,137611471
268.0,164603051
268.1,157033259
268.2,156099652
268.3,145930224
268.4,156647440
268.5,155320818
268.6,152062349
268.7,158925408
268.8,182649965
268.9,186767196
269.0,190250079
269.1,190929682
269.2,171685930
269.3,157872724
269.4,146459475
269.5,138187046
269.6,166074381
269.7,143111569
269.8,136051260
269.9,167966120
270.0,159700729
270.1,160345541
270.2,247035129
270.3,195954869
270.4,215141433
270.5,187670566
270.6,185436807
270.7,189141574
270.8,173350127
270.9,205030644
271.0,186220658
271.1,151946106
271.2,202447519
271.3,191933405
271.4,142997323
271.5,210949356
271.6,152729911
271.7,198314363
271.8,208747295
271.9,165395765
272.0,184418008
272.1,171220404
272.2,195168723
272.3,194738935
272.4,163710979
272.5,198076713
272.6,185985617
272.7,180715607
272.8,182737992
272.9,160801099
273.0,144228628
273.1,161122824
273.2,146782096
273.3,154196206
273.4,170555424
273.5,139318168
273.6,159702252
273.7,148834657
273.8,139619194
273.9,238433447
274.0,201457887
274.1,190474035
274.2,154997431
274.3,154742089
274.4,147955142
274.5,170395538
274.6,160387654
274.7,147820757
274.8,157391846
274.9,162268810
275.0,156897934
275.1,157567546
275.2,142489344
275.3,142968745
275.4,148170135
275.5,199700110
275.6,168295634
275.7,169656296
275.8,160487735
275.9,148504352
276.0,146476932
276.1,175872219
276.2,176348873
276.3,155941126
276.4,155481283
276.5,147308201
276.6,153504202
276.7,178262943
276.8,175692981
276.9,151855271
277.0,144887376
277.1,153878974
277.2,157333733
277.3,143980302
277.4,155983050
277.5,151844630
277.6,162687282
277.7,160234593
277.8,165482894
277.9,172128569
278.0,186804598
278.1,173582783
278.2,185655011
278.3,155648976
278.4,210989085
278.5,187472981
278.6,154426056
278.7,214348784
278.8,195612885
278.9,153085531
279.0,169520469
279.1,148695726
279.2,178506890
279.3,187480579
279.4,152421606
279.5,190238742
279.6,174119898
279.7,160244645
279.8,163721125
279.9,145790422
280.0,159131284
280.1,165601963
280.2,157765270
280.3,184313065
280.4,176489025
280.5,166753051
280.6,175376278
280.7,153785748
280.8,187898548
280.9,190175288
281.0,156902423
281.1,155267889
281.2,170245661
281.3,155306769
281.4,179590795
281.5,172809160
281.6,174361302
281.7,163347657
281.8,162711715
281.9,188592892
282.0,142586838
282.1,148188861
282.2,175605700
282.3,186241080
282.4,224082829
282.5,176939075
282.6,200331891
282.7,201357469
282.8,197296678
282.9,141955007
283.0,169050991
283.1,160923689
283.2,165076743
283.3,162802353
283.4,160249611
283.5,164610329
283.6,152755762
283.7,161380611
283.8,166935244
283.9,160235095
284.0,160238533
284.1,159011339
284.2,148377854
284.3,172781149
284.4,190910113
284.5,165524318
284.6,159582650
284.7,171422301
284.8,174782994
284.9,169530571
285.0,162164555
285.1,186470397
285.2,157309517
285.3,150142385
285.4,180596322
285.5,185124700
285.6,165720252
285.7,191872116
285.8,162258753
285.9,194721296
286.0,203927884
286.1,169203519
286.2,250625764
286.3,179846873
286.4,193624641
286.5,225995740
286.6,175466934
286.7,214000060
286.8,217468950
286.9,217047409
287.0,217316322
287.1,215064595
287.2,190984778
287.3,178470726
287.4,164738802
287.5,192150036
287.6,153102912
287.7,139370459
287.8,158799714
287.9,160611771
288.0,145582436
288.1,154111053
288.2,171449681
288.3,156894942
288.4,147234545
288.5,147801378
288.6,156339475
288.7,147713349
288.8,150475405
288.9,162604383
289.0,156331649
289.1,145126559
289.2,160761245
289.3,151604047
289.4,150338004
289.5,173133177
289.6,172555960
289.7,151743497
289.8,142214366
289.9,146452144
290.0,146559569
290.1,139506266
290.2,147129298
290.3,144998637
290.4,165128898
290.5,222270216
290.6,182421964
290.7,200693664
290.8,172252530
290.9,140323420
291.0,132794612
291.1,157005058
291.2,163723077
291.3,152865931
291.4,177022366
291.5,145797720
291.6,144439842
291.7,193827359
291.8,155375171
291.9,171631388
292.0,144776570
292.1,163948411
292.2,173787032
292.3,142561520
292.4,188721574
292.5,174810910
292.6,147606990
292.7,165954957
292.8,167518211
292.9,176267936
293.0,166731189
293.1,139526761
293.2,190867728
293.3,178691061
293.4,156979985
293.5,171868123
293.6,221648085
293.7,170365054
293.8,194599582
293.9,164292405
294.0,158667835
294.1,162149866
294.2,133943824
294.3,248719622
294.4,155709389
294.5,209839671
294.6,151831239
294.7,147922516
294.8,164185501
294.9,260479973
295.0,264992425
295.1,274391757
295.2,244150337
295.3,257003252
295.4,239872824
295.5,280189773
295.6,250419700
295.7,236183779
295.8,259644969
295.9,248505722
296.0,294915383
296.1,230459406
296.2,237671764
296.3,262530088
296.4,264738586
296.5,316912700
296.6,288766814
296.7,254674884
296.8,232200539
296.9,267197217
297.0,256800195
297.1,274846135
297.2,245494283
297.3,249080517
297.4,221724264
297.5,245370003
297.6,235297638
297.7,182301402
297.8,237988311
297.9,233613285
298.0,250623374
298.1,228450261
298.2,210644579
298.3,225442240
298.4,234154819
298.5,214112043
298.6,222846740
298.7,214783943
298.8,185535518
298.9,236501371
299.0,177831154
299.1,177159248
299.2,151163383
299.3,150061896
299.4,207932144
299.5,179523758
299.6,192474034
299.7,197243275
299.8,215005347
299.9,215496765
